0.000000000000000000e+00
1.866044249558373849e+03
5.699877818646931701e+03
1.077779729434585170e+04
1.714653158433005592e+04
2.493091406861547148e+04
3.427760347115777404e+04
4.535161277344948030e+04
5.833650913880113512e+04
7.343348388039035490e+04
9.085772743383927445e+04
1.108301889733184216e+05
1.335620476133236079e+05
1.592286547365816950e+05
1.879301894332350348e+05
2.196393729032427655e+05
2.541441128764246241e+05
2.910045509817623533e+05
3.295530104436097899e+05
3.689584778756408487e+05
4.083473383682079730e+05
4.469365671217566705e+05
4.841273787864457117e+05
5.195350015922959428e+05
5.529659890524179209e+05
5.843706457932429621e+05
6.137936110933896853e+05
6.413340032530773897e+05
6.671175624448216986e+05
6.912789906873943983e+05
7.139516243567130296e+05
7.352619031410329044e+05
7.553267849332414335e+05
7.742528807870569872e+05
7.921365427939943038e+05
8.090644429480439285e+05
8.251143734534275718e+05
8.403561162661083508e+05
8.548522995980539126e+05
8.686591999998561805e+05
8.818274720455013448e+05
8.944028006745122839e+05
9.064264781896399800e+05
9.179359113264246844e+05
9.289650652257805923e+05
9.395448514491815586e+05
9.497034669021863956e+05
9.594666899785856949e+05
9.688581395757242572e+05
9.778995019555734470e+05
9.866107297846620204e+05
9.950102171017394867e+05
1.003114953443016740e+06
1.010940659900960862e+06
1.018501909499803791e+06
1.025812233933203155e+06
1.032884218420367921e+06
1.039729586190070142e+06
1.046359273891412420e+06
1.052783499050735729e+06
1.059011820541016757e+06
1.065053192899532150e+06
1.070916015218024608e+06
1.076608175234228605e+06
1.082137089171873638e+06
1.087509737806179561e+06
1.092732699171575019e+06
1.097812178276453866e+06
1.102754034144990845e+06
1.107563804467310198e+06
1.112246728105742252e+06
1.116807765675789444e+06
1.121251618395081256e+06
1.125582745371539611e+06
1.129805379482690711e+06
1.133923541981212329e+06
1.137941055947017390e+06
1.141861558693217346e+06
1.145688513221872970e+06
1.149425218815404689e+06
1.153074820840640925e+06
1.156640319834634662e+06
1.160124579934422160e+06
1.163530336706729606e+06
1.166860204428138444e+06
1.170116682861349313e+06
1.173302163568821503e+06
1.176418935801182175e+06
1.179469191994324327e+06
1.182455032905996311e+06
1.185378472419898491e+06
1.188241442042790819e+06
1.191045795117865782e+06
1.193793310775605030e+06
1.196485697641515872e+06
1.199124597318481654e+06
1.201711587659975979e+06
1.204248185849028872e+06
1.206735851296616485e+06
1.209175988372033928e+06
1.211569948976793326e+06
1.213919034972682828e+06
1.216224500473779626e+06
1.218487554011450615e+06
1.220709360580685316e+06
1.222891043575461721e+06
1.225033686620274326e+06
1.227138335304425331e+06
1.229205998825185467e+06
1.231237651545493631e+06
1.233234234471453819e+06
1.235196656654515537e+06
1.237125796522871125e+06
1.239022503146298463e+06
1.240887597438376863e+06
1.242721873299733736e+06
1.244526098705745302e+06
1.246301016741861356e+06
1.248047346589542460e+06
1.249765784465572331e+06
1.251457004517352441e+06
1.253121659676600946e+06
1.254760382473731413e+06
1.256373785815041512e+06
1.257962463724705391e+06
1.259526992053444264e+06
1.259441940620506881e+06
1.259348811217296403e+06
1.259254613604049198e+06
1.259159360688427463e+06
1.259063034717849223e+06
1.258965617400745396e+06
1.258867090026789811e+06
1.258767433455545455e+06
1.258666628104124684e+06
1.258564653934429167e+06
1.258461490439955844e+06
1.258357116632149555e+06
1.258251511026287219e+06
1.258144651626874693e+06
1.258036515912538162e+06
1.257927080820390023e+06
1.257816322729846463e+06
1.257704217445881804e+06
1.257590740181689383e+06
1.257475865540731931e+06
1.257359567498156102e+06
1.257241819381543435e+06
1.257122593850975391e+06
1.257001862878384069e+06
1.256879597726159031e+06
1.256755768924983451e+06
1.256630346250866307e+06
1.256503298701343127e+06
1.256374594470806653e+06
1.256152931092624087e+06
1.255875812589501031e+06
1.255544460198452929e+06
1.255159831692948937e+06
1.254722837890232215e+06
1.254234343684673775e+06
1.253695167814633111e+06
1.253106082662582397e+06
1.252467814090133412e+06
1.251781041301664896e+06
1.251046396730285604e+06
1.250264465939951595e+06
1.249435787537666503e+06
1.248560853089779848e+06
1.247640107036502101e+06
1.246673946598839480e+06
1.245662721672239713e+06
1.244606734701304929e+06
1.243506240529992618e+06
1.242361446221760008e+06
1.241172510844141943e+06
1.239939545212246012e+06
1.238662611585636158e+06
1.237341723313034745e+06
1.235976844419192756e+06
1.234567889128193026e+06
1.233114721317305462e+06
1.231617153895355528e+06
1.230074948099363828e+06
1.228487812702969415e+06
1.226855403129861690e+06
1.225177320465117693e+06
1.223453110356954625e+06
1.221682261800967855e+06
1.219864205798426177e+06
1.217998313879637746e+06
1.216083896482753800e+06
1.214120201177673880e+06
1.212106410723911598e+06
1.210041640950382687e+06
1.207924938444087049e+06
1.205755278033524984e+06
1.203531560051460518e+06
1.201252607360241469e+06
1.198917162121344125e+06
1.196523882289080415e+06
1.194071337806469295e+06
1.191558006479129428e+06
1.188982269500625320e+06
1.186342406600003364e+06
1.183636590779235354e+06
1.180862882604879094e+06
1.178019224014460342e+06
1.175103431593780173e+06
1.172113189276514109e+06
1.169046040412005037e+06
1.165899379140961217e+06
1.162670441011784365e+06
1.159356292762272758e+06
1.155953821182413492e+06
1.152459720963649219e+06
1.148870481428215513e+06
1.145182372018634109e+06
1.141391426411945606e+06
1.137493425105419476e+06
1.133483876299874391e+06
1.129357994882932864e+06
1.125110679286878556e+06
1.120736485963629093e+06
1.116229601181796752e+06
1.111583809806882404e+06
1.106792460674032336e+06
1.101848428101985482e+06
1.096744069024931872e+06
1.091471175133652985e+06
1.086020919315633830e+06
1.080383795562210260e+06
1.074549551364711253e+06
1.068507111445307033e+06
1.062244491454649018e+06
1.055748700008259621e+06
1.049005627115228213e+06
1.041999916661009775e+06
1.034714820121391909e+06
1.027132028081378900e+06
1.019231475377192954e+06
1.010991114727134234e+06
1.002386652508016676e+06
9.933912387878462905e+05
9.839751017328642774e+05
9.741051139176640427e+05
9.637442746720239520e+05
9.528510881044337293e+05
9.413788104339427082e+05
9.292745321407500887e+05
9.164780493400443811e+05
9.029204634041434620e+05
8.885224262698175153e+05
8.731919181166791823e+05
8.568213995974904392e+05
8.392841152674803743e+05
8.204292265275514219e+05
8.000753017893675715e+05
7.780014556677502114e+05
7.539350503442987101e+05
7.275342480214240495e+05
6.983626443017371930e+05
6.658513596874916693e+05
6.292406229449509410e+05
5.874866703355769860e+05
5.391080426368874032e+05
4.819235568110745517e+05
4.125996673901722534e+05
3.259184268172092852e+05
2.140997912581494020e+05
6.991158476876883651e+04
-9.259456898529941100e+04
-2.297683315053848783e+05
-3.319536665239373106e+05
-4.094193639813910704e+05
-4.709720245324732969e+05
-5.219437435608873493e+05
-5.654570799499950372e+05
-6.034320220935471589e+05
-6.371219657692615874e+05
-6.673894045801245375e+05
-6.948540015945164487e+05
-7.199768067224822007e+05
-7.431108131071287207e+05
-7.645327661005153786e+05
-7.844639952553554904e+05
-8.030845318328021094e+05
-8.205429607037564274e+05
-8.369634719908498228e+05
-8.524510211052399827e+05
-8.670951785514262738e+05
-8.809730518913603155e+05
-8.941515376195993740e+05
-9.066890805261059431e+05
-9.186370653080334887e+05
-9.300409296468247194e+05
-9.409410635774027323e+05
-9.513735429444410838e+05
-9.613707326549267164e+05
-9.709617867335063638e+05
-9.801730658355026972e+05
-9.890284881789440988e+05
-9.975498263486312935e+05
-1.005756959774843650e+06
-1.013668090667077224e+06
-1.021299929626050522e+06
-1.028667855947772623e+06
-1.035786056686520576e+06
-1.042667647796508390e+06
-1.049324780078462092e+06
-1.055768732182533480e+06
-1.062009992536821868e+06
-1.068058331761307316e+06
-1.073922866874997038e+06
-1.079612118397766259e+06
-1.085134061278601410e+06
-1.090496170441575348e+06
-1.095705461624276359e+06
-1.100768528086129343e+06
-1.105691573682540329e+06
-1.110480442732238909e+06
-1.115140647047307109e+06
-1.119677390446330654e+06
-1.124095591029388830e+06
-1.128399901458012639e+06
-1.132594727452760795e+06
-1.136684244694920955e+06
-1.140672414296294795e+06
-1.144562996981584467e+06
-1.148359566111039370e+06
-1.152065519656398101e+06
-1.155684091230415506e+06
-1.159218360259161796e+06
-1.162671261376550188e+06
-1.166045593112031696e+06
-1.169344025934902718e+06
-1.172569109712079167e+06
-1.175723280630373629e+06
-1.178808867629161105e+06
-1.181828098384770099e+06
-1.184783104883882916e+06
-1.187675928619641345e+06
-1.190508525440940633e+06
-1.193282770082546864e+06
-1.196000460401108954e+06
-1.198663321339860326e+06
-1.201273008642743342e+06
-1.203831112336860504e+06
-1.206339160000492353e+06
-1.208798619832434691e+06
-1.211210903537065256e+06
-1.213577369038330857e+06
-1.215899323034751462e+06
-1.218178023406544467e+06
-1.220414681485067587e+06
-1.222610464193962282e+06
-1.224766496070638765e+06
-1.226883861176062375e+06
-1.228963604900188046e+06
-1.231006735669826623e+06
-1.233014226565214107e+06
-1.234987016851084540e+06
-1.236926013427620288e+06
-1.238832092206262052e+06
-1.240706099414991215e+06
-1.242548852837383049e+06
-1.244361142989408225e+06
-1.246143734237697208e+06
-1.247897365862707840e+06
-1.249622753070019186e+06
-1.251320587952740258e+06
-1.252991540407830151e+06
-1.254636259008938679e+06
-1.256255371838201303e+06
-1.257849487279270310e+06
-1.259419194773707772e+06
-1.259334160840319470e+06
-1.259241026357069379e+06
-1.259146823477722239e+06
-1.259051565206541447e+06
-1.258955233789365506e+06
-1.258857810932551743e+06
-1.258759277923639864e+06
-1.258659615619996563e+06
-1.258558804436475737e+06
-1.258456824332655175e+06
-1.258353654799640412e+06
-1.258249274846414104e+06
-1.258143662985719740e+06
-1.258036797219455009e+06
-1.257928655023560394e+06
-1.257819213332381332e+06
-1.257708448522486491e+06
-1.257596336395914899e+06
-1.257482852162836585e+06
-1.257367970423599705e+06
-1.257251665150139946e+06
-1.257133909666729858e+06
-1.257014676630039932e+06
-1.256893938008485129e+06
-1.256771665060828673e+06
-1.256647828314013314e+06
-1.256522397540190956e+06
-1.256395341732916888e+06
-1.256266629082477884e+06
-1.256049158703250112e+06
-1.255776112886657473e+06
-1.255448690636240877e+06
-1.255067853361163056e+06
-1.254634515659687342e+06
-1.254149546188237611e+06
-1.253613767420337070e+06
-1.253027955440343358e+06
-1.252392839772647247e+06
-1.251709103240010329e+06
-1.250977381844751304e+06
-1.250198264666586183e+06
-1.249372293771022698e+06
-1.248499964122305159e+06
-1.247581723495003534e+06
-1.246617972378425533e+06
-1.245609063868122874e+06
-1.244555303538818611e+06
-1.243456949293159880e+06
-1.242314211180723738e+06
-1.241127251181745902e+06
-1.239896182950034505e+06
-1.238621071509520989e+06
-1.237301932898850413e+06
-1.235938733758356888e+06
-1.234531390853650635e+06
-1.233079770529935602e+06
-1.231583688090992393e+06
-1.230042907096571755e+06
-1.228457138571695657e+06
-1.226826040121077327e+06
-1.225149214941545157e+06
-1.223426210724963807e+06
-1.221656518443715991e+06
-1.219839571010306245e+06
-1.217974741802084027e+06
-1.216061343041452579e+06
-1.214098624021213502e+06
-1.212085769163897960e+06
-1.210021895903045777e+06
-1.207906052373385988e+06
-1.205737214895768091e+06
-1.203514285241438774e+06
-1.201236087658873526e+06
-1.198901365644830745e+06
-1.196508778439553920e+06
-1.194056897224131506e+06
-1.191544200995855266e+06
-1.188969072095015785e+06
-1.186329791353868553e+06
-1.183624532835482387e+06
-1.180851358126778388e+06
-1.178008210146268597e+06
-1.175092906422685599e+06
-1.172103131795881549e+06
-1.169036430485884659e+06
-1.165890197469838429e+06
-1.162661669099531369e+06
-1.159347912884276127e+06
-1.155945816354844254e+06
-1.152452074913844466e+06
-1.148863178566138027e+06
-1.145175397409380181e+06
-1.141384765749271726e+06
-1.137487064686248312e+06
-1.133477802999760490e+06
-1.129352196132448968e+06
-1.125105143048895756e+06
-1.120731200711459387e+06
-1.116224555878171930e+06
-1.111578993883736664e+06
-1.106787864013061626e+06
-1.101844041015957249e+06
-1.096739882239715196e+06
-1.091467179770943010e+06
-1.086017106876346283e+06
-1.080380157910516253e+06
-1.074546080712688388e+06
-1.068503800338181900e+06
-1.062241332756605465e+06
-1.055745686888787430e+06
-1.049002753035985399e+06
-1.041997175363176735e+06
-1.034712205613489146e+06
-1.027129534627522458e+06
-1.019229097485760460e+06
-1.010988847139813472e+06
-1.002384490189205040e+06
-9.933891769143685233e+05
-9.839731356839733198e+05
-9.741032392652799608e+05
-9.637424871711692540e+05
-9.528493836838033749e+05
-9.413771851865453646e+05
-9.292729823145378614e+05
-9.164765713284268277e+05
-9.029190537362563191e+05
-8.885210816003761720e+05
-8.731906352151909377e+05
-8.568201753365269396e+05
-8.392829466095990501e+05
-8.204281105103020091e+05
-8.000742355075910455e+05
-7.780004362520499853e+05
-7.539340749340830371e+05
-7.275333137302317191e+05
-6.983617481716152979e+05
-6.658504986280601006e+05
-6.292397936520577641e+05
-5.874858691866991576e+05
-5.391072655758211622e+05
-4.819227993029481149e+05
-4.125989248124939040e+05
-3.259176968441029894e+05
-2.140990845810066385e+05
-6.991096154643569025e+04
9.259498611466388684e+04
2.297685666642988799e+05
3.319538048946048366e+05
4.094194531663352391e+05
4.709720870283402037e+05
5.219437901209259289e+05
5.654571161787509918e+05
6.034320511886446038e+05
6.371219896979907062e+05
6.673894246272332966e+05
6.948540186395507772e+05
7.199768213908246253e+05
7.431108258574119536e+05
7.645327772778329672e+05
7.844640051250481047e+05
8.030845406026913552e+05
8.205429685392272659e+05
8.369634790253568208e+05
8.524510274477938656e+05
8.670951842920398340e+05
8.809730571050788276e+05
8.941515423695329810e+05
9.066890848657434108e+05
9.186370692830310436e+05
9.300409332964043133e+05
9.409410669354575220e+05
9.513735460404184414e+05
9.613707355145382462e+05
9.709617893793054391e+05
9.801730682873562910e+05
9.890284904544220772e+05
9.975498284633293515e+05
1.005756961742652114e+06
1.013668092500407249e+06
1.021299931336025125e+06
1.028667857544388273e+06
1.035786058178785024e+06
1.042667649192558601e+06
1.049324781385665527e+06
1.055768733407576103e+06
1.062009993685783586e+06
1.068058332839727635e+06
1.073922867887932807e+06
1.079612119349842193e+06
1.085134062174053630e+06
1.090496171284290496e+06
1.095705462417825824e+06
1.100768528833799995e+06
1.105691574387360597e+06
1.110480443397003692e+06
1.115140647674598265e+06
1.119677391038536327e+06
1.124095591588721145e+06
1.128399901986521669e+06
1.132594727952349698e+06
1.136684245167357381e+06
1.140672414743222762e+06
1.144562997404533904e+06
1.148359566511436133e+06
1.152065520035571186e+06
1.155684091589604970e+06
1.159218360599525971e+06
1.162671261699171737e+06
1.166045593417922966e+06
1.169344026225010864e+06
1.172569109987292206e+06
1.175723280891522998e+06
1.178808867877026787e+06
1.181828098620083649e+06
1.184783105107331648e+06
1.187675928831870668e+06
1.190508525642557302e+06
1.193282770274121081e+06
1.196000460583177628e+06
1.198663321512928698e+06
1.201273008807287086e+06
1.203831112493328052e+06
1.206339160149306292e+06
1.208798619973993627e+06
1.211210903671745211e+06
1.213577369166486431e+06
1.215899323156717699e+06
1.218178023522637784e+06
1.220414681595586939e+06
1.222610464299190091e+06
1.224766496170842089e+06
1.226883861271494068e+06
1.228963604991086992e+06
1.231006735756419133e+06
1.233014226647713920e+06
1.234987016929694219e+06
1.236926013502532383e+06
1.238832092277658172e+06
1.240706099483043887e+06
1.242548852902255720e+06
1.244361143051256193e+06
1.246143734296667157e+06
1.247897365918939002e+06
1.249622753123644041e+06
1.251320588003884302e+06
1.252991540456612594e+06
1.254636259055472445e+06
1.256255371882594191e+06
1.257849487321623834e+06
1.259419194814119022e+06
